%YAML:1.0
---
camera_matrix: !!opencv-matrix
   rows: 3
   cols: 3
   dt: d
   data: [ 3.0353683222837367e+03, 0., 2.0198579688551663e+03, 0.,
       3.0362889990807562e+03, 1.4859505063387689e+03, 0., 0., 1. ]
distortion_coefficients: !!opencv-matrix
   rows: 1
   cols: 5
   dt: d
   data: [ 1.9892765078411739e-01, -8.9378597314528474e-01,
       -9.7101630055221690e-05, -6.8008132001810004e-04,
       1.6014688358723472e+00 ]
